5000 1
-1706
-55
-2937
1712
-1805
-5974
4793
-1623
-1349
-2289
4560
1875
-4272
-3371
-387
101
-2805
513
139
1519
-929
-4679
-3891
854
4095
2145
99
-2318
5835
3929
4425
63
1160
-3133
-2625
464
736
-1077
262
3011
-1231
2121
-2650
2399
4944
-2712
432
-3726
-1225
1724
-310
-285
-5826
-2787
-821
-2614
848
5074
3759
-2611
4829
3467
2464
-2106
-1303
-1899
2610
-236
2319
217
84
2450
4123
630
2576
-2858
-427
-1049
684
478
-4197
104
-1285
-630
-2428
-2383
742
1456
10358
2450
-3086
-730
1381
2614
-1906
3032
-5559
139
-1002
575
3931
-1892
-388
-146
-1508
1542
-4518
-3577
1462
-87
1762
-623
3323
-3032
-5269
-3084
-964
-2669
-4271
1165
1463
-1012
-1469
401
1193
761
1138
-180
-3248
-4176
2169
1495
4051
1616
1407
-2223
644
-2377
3118
3574
3821
2
-446
2168
-632
-2592
-2525
3647
2157
-481
-3492
1563
-2320
-867
675
-880
2126
-967
218
-659
-5678
538
642
-398
-3763
984
2456
730
-2026
1619
5649
-2130
4596
-3138
-3836
-3891
-1333
3549
988
3308
1704
2135
2162
-43
1317
1779
-4575
6587
1277
-4385
-4700
2846
-7386
-328
2239
-2589
860
-1172
-4050
3376
3423
3471
7712
-1199
-1443
-3620
2299
-2614
-1019
-1860
2874
2273
-921
-780
4579
-510
-5000
5035
3785
2337
-3214
742
1863
-6132
-2929
2740
-394
-4241
1607
5662
-2292
2991
1248
-554
-778
1667
-3060
187
3450
-3117
-1440
3353
-1676
2341
1076
1215
-1856
-7748
1633
3736
1857
-1512
2829
746
-66
3813
2172
-1685
-3378
-4848
8103
-2228
-1800
2261
-3753
-2885
-3
-1379
-713
1437
5542
-3313
1001
1989
3707
1748
1587
-4941
165
776
801
1892
2209
-4747
-773
2392
1862
1264
3875
-1764
2477
-2292
-1306
-528
-1781
913
-1831
3249
-1052
524
-586
-2780
-1688
-3203
-5489
32
-2288
-1143
-867
1249
3408
1796
3089
-2117
-1308
2929
2914
3969
1346
-2596
315
-3226
587
6024
446
6033
2173
-3978
1823
-1168
-1837
-649
-1534
-4014
3828
-1623
1291
-5364
1346
3456
5779
-702
3755
6
2387
2505
-1984
-586
1733
2197
4467
-897
-971
156
2215
2584
470
-1213
-4401
3471
-918
5051
-312
2358
3727
2965
4510
1484
4174
-2968
-1573
1918
650
6231
-2034
-18
1327
3117
6261
1254
-3017
2586
2817
2826
-1000
-883
-2379
2990
-7
-2612
1208
2266
3400
1359
-4947
-282
3553
7718
-1151
1930
-6098
-188
3981
2607
-5915
-2829
611
3189
-4801
1135
5073
-4270
-213
-2165
4239
3596
5142
-2800
-1816
-1487
-2886
395
-1494
-5088
253
-995
1564
-563
-606
-3356
-818
-1053
-1404
867
-3333
-510
57
2764
-549
-461
-609
-5200
1631
-2053
-349
-55
3836
-5546
-817
714
191
-1127
-4240
2164
-5616
1813
684
-2332
-101
2225
1630
-1100
-116
-3242
-3953
-3579
-3118
-1709
-2386
3103
130
3473
533
-1232
-2059
899
1422
-2038
1088
2158
3063
4941
3215
-4462
1833
4388
54
2037
-4669
3321
-1290
-1724
-1181
2247
-3338
-2070
-1920
-1231
2039
-5664
2514
3161
-2317
-1552
1069
2426
772
1263
5575
-1504
548
2491
-831
-3097
-2645
2470
-3792
1732
-748
1218
1746
2076
3938
-5650
-4411
504
-1772
3395
403
-1239
1519
-601
-1725
-1428
-2866
150
3093
2103
1043
1714
2721
-3177
2509
-2966
2229
-3630
-1044
-2568
-2409
1729
2417
-482
3565
-1636
-1074
-2844
4015
-4330
1557
-3154
-55
1859
-1648
3709
794
1361
2037
1171
-1049
-4040
1934
2071
1024
3298
-662
-59
432
-4089
1136
1127
-460
-2579
1928
2110
-2825
587
-1987
-16
-1343
1406
1376
-2002
-396
5377
163
-1257
635
884
-1371
-5
-165
1995
-1325
-884
-775
-1203
1690
1615
-276
-536
-3916
1456
1347
4157
2125
-527
-4175
-1139
1620
-20
2770
3884
-1094
2906
5664
-1926
706
1817
719
-2563
3479
-6458
930
-2631
-263
-3383
-4592
-1645
-2158
1345
2793
-1567
2570
1657
4051
-1870
1892
535
79
-2700
3672
-2986
1210
-3315
-452
-3462
3267
-2347
-2695
2479
-815
-3556
-1231
-4301
180
-2113
218
-1933
514
-2860
-4
-1486
1888
-748
-2659
2797
1194
-1134
-312
597
-6082
48
177
25
2749
81
2585
868
-2845
-3847
1438
-1342
-2763
-1629
-2239
253
-4176
-1108
-383
-551
2441
-1436
629
1118
-2429
-1387
-424
3375
-2997
-3166
-1044
-7158
6245
-2422
5960
1649
4587
-5203
3107
-1108
879
2501
1230
-701
3957
-3874
1105
-1331
-1722
391
2699
-1805
-337
1833
292
1214
1505
-2074
737
-4000
-2366
779
1033
-3236
-2379
1476
-1780
2928
1909
-3273
865
-536
-2852
-2201
-594
79
-3657
-2141
-366
3990
-2602
-2013
4546
-2911
-32
-1062
3089
-622
2418
-1909
23
-1152
-1502
-2701
1804
2372
-2660
649
-1755
-3092
1925
-2690
-3385
-1835
-2472
1691
-1018
413
-1912
2130
1392
-1928
58
3733
-652
96
2944
551
-2269
-1105
1121
-497
-304
2796
-1701
-1827
1030
5094
1420
-4246
866
325
-4093
887
3985
-760
-6401
1062
3251
-4195
-3021
1315
-2625
3653
-5899
-778
-276
327
4946
1674
-1870
-1241
1203
-644
-218
1147
-918
4438
1751
-6878
-637
8619
2400
3810
-2366
-1165
2305
-1108
1462
2289
-3072
1907
818
1056
886
6522
-4361
-2766
266
-2965
4040
-3109
-1075
-2258
1877
5391
2584
715
2599
-2686
6434
3423
-3031
-3550
1122
314
-3351
6017
6718
3370
1253
2283
3660
4043
3675
2314
-2828
-3346
271
994
1281
-114
-1067
-3981
4349
3820
1253
3328
146
22
2668
559
5062
3787
262
14
-287
-2873
-2039
-3883
3167
-3802
4430
265
245
-1903
-3381
-4456
-424
-1126
-1877
343
-446
-1068
-326
-2776
-2384
1159
-3733
2743
3831
-5011
3911
2075
2056
2752
-269
-2174
-1655
-2356
-1807
-3838
-3321
1010
-2766
-1226
766
-1510
-3767
1746
966
-3999
-911
887
-4024
494
3563
-3857
-2370
381
-3610
1882
2541
-657
-3388
1764
2763
1044
1163
-818
-6893
6641
-1744
802
-1569
3059
438
-1693
-2210
-1176
-868
1392
388
968
4971
3451
-1066
133
2349
-1071
6005
588
338
-692
-1440
-3044
2519
-6844
-3876
-1808
-1107
435
-1974
4383
-3723
652
-204
-1462
-1999
870
2946
-1499
655
-1694
337
-3684
4527
2500
-6253
-4157
1411
19
3078
4396
1563
1916
1336
6980
-6979
-1732
1476
-526
3829
1945
-4177
-2423
459
1748
-1906
-564
882
1719
2100
-3807
2041
4234
-354
-566
3410
-1416
-1984
3252
-2748
-968
-3913
-1230
3729
2461
5421
-3843
-1485
-1467
3380
-402
-767
736
4387
-974
-4575
461
3808
291
-4458
1172
-72
2676
1455
312
-2246
-3148
2257
3631
-5681
3185
-662
83
2948
2666
3912
876
1415
-397
-1600
1812
-255
-41
4058
-2713
-1704
338
-1696
-748
875
2253
65
-3109
-450
2609
-1129
937
-1700
1519
6035
211
-349
3154
1761
1564
2323
2415
2998
7962
4332
2126
6
3523
1850
-1357
3737
-1208
1450
714
1830
-1496
-3593
1222
296
-5057
-63
965
-1169
-2827
185
418
-2996
-4428
-489
-3655
-1577
3718
-3433
-96
2173
1768
-3424
-178
915
-196
-4047
-1094
-5398
2603
-1159
-3572
-1108
-3064
525
2247
1494
4748
-3865
525
-2654
-2079
857
860
-967
92
-1417
-4916
-3835
-252
-6624
5566
-1649
4887
-1672
-6028
-2045
323
-5875
-381
-1268
-1744
941
-1012
1135
-1713
-1044
3664
1048
-6
-2365
3988
111
-5264
-3899
-1657
2921
3428
-784
391
-4441
772
1482
2782
-3876
102
69
164
-1623
-1973
-2975
3486
2991
-10
-1443
342
-3458
-1254
-3523
5700
-2083
1770
2318
5851
1012
478
-2305
-2195
-2352
36
-396
4055
2871
1277
4420
-4254
-748
-454
-58
4713
6316
-3544
107
-2057
91
1789
3017
-158
944
-3110
2629
-2301
1105
3790
-3071
-4261
2377
4266
2332
-2822
-61
-2931
-2534
2526
369
2862
2938
-1119
699
5689
4477
1304
3650
-27
-5184
-302
2503
-4787
226
-845
-4444
1891
4629
2162
1735
-118
879
-2309
-670
-3818
9038
-700
2277
296
-713
-151
-2383
2428
-4930
1845
-1374
-2901
539
-1983
-4691
584
-715
-1002
-1448
3545
-3006
-4433
2068
1971
-1218
1299
-2428
-1349
-1237
1383
-1815
2219
1526
-3358
-4002
-1488
-2056
-2703
1563
3908
-576
6320
1263
-3037
14
1315
-2135
1830
979
743
417
-4908
1991
-986
5521
-785
-940
819
-4410
-483
-231
2196
-66
1552
992
-1725
458
883
5183
-616
1995
-4825
1019
-923
-913
-1782
351
-3203
4197
2260
-146
-4178
-1637
3273
-1826
1854
-274
746
-1614
3924
-4513
-2270
2428
1952
1379
-1500
-1616
-2140
-550
2448
3052
5312
-875
-2553
-1226
-1647
511
1945
597
-410
3038
309
2327
3851
1087
-2620
1158
4446
-2699
-1834
844
-2071
48
-2835
3407
50
-3331
2314
782
-3674
-1233
2439
3463
9328
-2034
-2337
4129
4667
1484
4382
-880
508
2926
-6557
-1374
-2693
2895
1909
5331
2108
2134
2198
1375
-654
5423
-5403
930
1982
2493
-2426
1757
-3947
-367
1071
-2431
-3071
360
-786
2656
1366
115
1394
-576
-2841
4333
295
-851
-155
-3581
2536
244
1095
-336
-1666
1738
-322
-868
-2777
4526
-7805
2243
1634
-4732
1948
-2659
-5078
-1961
-763
-3423
4883
1915
-857
3116
514
6802
6123
2176
-190
812
783
-4342
1038
1362
-3892
-635
1368
3267
-3914
-2907
-1888
349
-2700
4863
466
-4802
393
-227
-2287
-1332
-1571
3785
-985
1192
2545
-1685
6296
2016
2733
2516
2527
983
1186
4183
-484
2156
5371
-3403
3007
1817
348
-1038
-1180
-1182
-529
-1078
-438
-5546
1408
-3116
1803
190
-4313
-1769
-92
-1927
1369
2233
27
2682
350
-424
2225
631
2599
-3400
-3435
-2333
-1665
-1900
1760
-1628
1628
1575
4765
-1381
-6576
-636
-1862
-478
-403
-139
2851
2187
6477
5333
506
1849
301
-1447
1048
-6628
-2659
1522
2938
-104
3357
784
-5251
1456
672
2873
-1180
1639
-1804
921
467
-1105
-1479
-4973
-972
-1004
-2858
116
-995
1869
1974
-1305
4039
-4682
653
-370
111
569
-3112
1790
967
-14
4616
3785
-1551
-3520
3835
1281
-1452
236
-123
-1608
704
2213
-3809
-3732
5413
3146
-3285
-1508
6958
-1637
454
-493
1113
3944
-1947
4680
2737
4055
-30
-2092
1561
-5236
-3050
-1471
5518
-383
-4958
3215
-3356
-4839
-2106
471
1443
1367
-771
1861
-3053
-181
-2110
-3641
-4146
2934
4994
1689
44
886
4976
-1632
603
1067
-3497
-6007
1902
5322
-3216
1780
2763
-1509
-4758
-4319
8551
76
-615
945
-1563
1625
-1766
891
534
-2024
-1052
-6386
-5469
459
-2423
-201
-2033
5160
-922
-3064
-142
3203
-2413
4049
-4640
-270
-2662
-2432
-444
3995
1032
-2925
1561
2265
-217
5450
-1924
1422
3751
6088
-3433
-1369
-7070
3146
1093
1241
-4792
-757
-3980
1089
-4339
-290
-2152
-1201
-4473
3133
-3790
-2294
5949
3481
880
-51
1532
1574
172
1300
-4070
-1225
-159
-1201
1441
2255
1924
2655
-5029
2247
-690
-74
-3495
1276
1695
2649
-7597
674
369
2156
681
-1598
-1732
-1680
2356
2465
1706
-1419
2034
687
1556
-764
-3044
-1753
767
-6143
2563
3573
-2251
-5201
1390
2791
-439
3311
-490
5464
14
1789
3640
-1742
284
365
3187
-2461
1125
-1167
124
3452
1245
-1939
1482
3763
844
48
2289
-377
2242
-3246
-2598
1502
3340
1228
75
6157
1379
-5460
-412
-3430
-4816
-2173
1135
-1757
1935
3625
214
-7788
603
203
4000
32
2414
1422
951
-4010
5154
-1674
-3048
-3973
1118
-3559
22
1147
-1957
6869
-4000
1355
-2811
79
180
-210
6208
-1880
-2467
-3116
1987
-198
1833
-478
-2878
-3543
2107
-1589
4380
-1480
2426
3131
-5364
-4833
-1109
233
1627
4750
-2993
-4102
93
-1522
-2486
-4988
-1242
3485
-2614
1584
1303
4667
-1977
3835
-601
2460
1312
-2235
-994
-2020
152
-1756
-2355
-1650
3249
-671
-3550
2576
3468
-684
-1945
-4060
4950
2246
-496
-181
-1591
677
2005
2382
-1348
755
-3753
-2340
5749
65
-2670
-563
-2182
-1681
-3731
-630
-2864
-1009
-3399
-4356
-2887
-2822
-4529
1450
-1638
1946
-2563
496
3465
-3390
1150
-1404
128
1573
4090
-2745
4318
3733
2097
1587
-3048
-1907
2211
104
-885
762
-5499
2241
1663
1565
-2688
1607
2843
4390
2401
1023
2701
-2528
3656
800
-1806
1290
-1353
-3074
-815
-1444
868
1568
-12
3678
1375
1512
3960
3367
467
1051
1926
4289
-2274
-2351
927
-5379
1906
-2491
-3026
681
5702
-3613
1673
-854
-3898
-1505
-1780
3199
-231
1103
1373
502
1957
1519
805
2787
3436
597
1577
-3370
2131
788
476
-2514
660
-1749
-839
1066
2647
-316
-3086
1729
65
-2711
884
1493
624
1618
2326
798
1342
3608
647
-4887
-286
-4353
3047
-2395
-114
1336
-336
-3057
4058
-1039
-4430
-2196
3305
-4412
-344
-1075
129
479
-492
-1651
200
470
2215
1452
-2006
-107
96
-732
-1304
1365
891
-4570
261
-1923
2224
-830
-851
-3563
1549
75
7072
-3325
-2779
-6674
3211
-4234
246
2157
-4151
3281
3038
2107
2575
548
-7048
-3637
271
1756
359
1744
-225
-2852
708
-1449
1324
-1411
1510
1134
558
-2641
-906
-2480
-296
2111
-350
-815
71
1570
4994
-3495
-2374
-2558
-583
-1685
-1451
2700
4691
2976
-489
1524
1918
4180
-540
1854
-1522
-1216
-1308
-3607
-821
259
-1248
-2364
1242
-90
-3264
-746
2471
-2236
-3977
2605
6174
-1656
510
-3011
940
1199
5450
2846
-3654
-2445
8788
2054
-2573
-2782
-3372
4766
4049
-274
2571
3655
-1567
-2671
-1988
60
2052
484
-3927
212
2759
1625
-4120
-4971
-1845
-1361
847
-179
-1705
269
2695
206
-2601
4402
918
-1614
-55
-752
706
2779
927
2962
-3583
2782
1031
2769
3681
-5577
1008
1378
1834
-7189
-2378
-6241
-280
1819
-320
-1786
258
-970
-112
504
-3739
-92
608
481
-112
-3581
31
-150
3752
224
1541
4547
584
-2954
-6240
5425
1241
-1660
-2058
3153
-5908
947
2600
-4631
-5679
-188
2223
746
-2228
-17
5490
6264
-1138
689
875
-161
-427
-829
-2543
-699
-3891
6035
743
-2864
834
-2548
-899
-573
-1058
-1989
834
456
-15
-2854
-2659
360
-404
-1473
4820
2460
2834
-756
-367
709
2390
-444
1390
-2644
-1258
-1475
-4120
-6
-797
4356
-1289
-4513
-1446
-2253
633
1659
-1412
-1477
-938
941
655
3368
-1105
433
309
2680
-261
-533
858
-4279
-460
-596
-227
1417
-6850
828
1410
-123
-2322
-3830
839
-3005
-2032
4810
-2912
1317
3190
6143
2039
2742
1809
-2022
572
-2813
-829
316
5160
-2344
1729
-4484
5510
16
1195
1121
-2048
2916
3125
-4574
3543
2282
-455
-1829
1859
4277
3454
4908
1930
2125
-3653
1933
2442
-3141
2739
1057
283
-3741
3121
-606
-2328
-1206
3991
1892
2165
4659
-1914
-3283
-254
-1740
373
3743
-527
2647
5303
927
-1579
8160
-2494
486
-1980
2765
1669
-854
-2467
-347
-5925
4775
2611
-2913
-791
4229
2237
2087
-1749
305
-2073
4891
30
-3146
-1382
-1640
-366
-248
2814
-4777
2567
-827
-1088
1688
-1072
1650
2300
2163
1431
-267
1962
4345
552
238
-982
4101
-1086
-835
1344
1651
583
-1665
1418
6836
2578
-343
1955
-329
-2378
-408
113
4981
-1863
1476
-1152
1554
521
6635
-1575
1203
-1184
-3209
2230
-2384
2508
-1695
406
-1225
-1055
-2
5826
2159
-1561
-314
692
7476
4450
-1685
-5181
-726
-1199
-446
-1830
-1120
3481
-1726
1620
1186
-1302
-1216
3328
4613
-3647
701
2601
-430
-1067
-3291
2105
-793
-387
-2474
3656
-840
-1857
3885
108
-1647
3093
551
3308
-2855
-935
-506
-4959
744
1012
-2895
-2749
-2675
2643
2743
1489
-4299
3814
-2239
-1265
895
3949
-751
5525
461
-1989
4016
548
-1654
-2810
-1257
-2580
1500
-3462
-2961
-1917
688
3571
-1322
-336
5142
-39
1236
1108
729
3136
-1252
4882
577
-1173
256
2064
1975
-2604
-2579
2004
-2491
711
-1138
1036
4274
-1123
1269
858
1751
28
-650
641
-665
-1018
2470
-742
-1208
-1298
1904
3798
-1442
287
754
177
1684
-1019
3140
6820
-399
-1778
750
-4027
610
-414
-489
5149
-2174
3832
1298
-427
918
-551
-1888
-646
-2364
-4859
-2325
-413
-1163
2890
-30
1182
2502
999
-1618
-334
-1825
-3513
24
3490
5973
455
-2025
-264
-1170
-1846
5273
-2980
-1026
-3942
2700
4812
-1150
-1575
769
-2767
3183
487
1667
3353
-805
-955
-1975
-1872
3513
-362
-1688
2115
351
1177
898
3030
-1955
-1835
-4886
1650
-2456
2083
1039
1053
3626
641
1769
-957
-1406
-936
3351
1106
-49
-303
-2172
7978
-3142
2336
-4724
3415
-537
-7
385
1549
4079
-1943
-1466
2450
-308
4906
609
-873
387
1868
2637
-4212
-49
-254
2027
-1301
-3497
1445
-1313
1807
-3100
-1475
-128
-1383
-2747
3817
2052
385
4867
-4722
401
1311
1263
-2367
2304
2042
2363
-142
-787
-1660
2098
1738
-1299
-3115
2670
-602
1508
-611
322
-2539
5322
-1627
-4206
-2276
2558
3365
-181
1344
-2061
4644
2560
-1692
2340
832
-534
3511
-2296
4325
-24
-3881
-41
2629
-3001
748
2606
-2094
2581
-270
4308
-3612
-3655
-5059
-461
783
576
-2347
398
-1787
5323
559
-6034
5832
2341
1559
-40
673
2003
1386
-178
780
848
1107
5590
-1475
1856
1290
-556
-2572
-3014
2501
-238
-3363
-4098
4035
-826
1997
1348
-3921
-4487
-3769
-4825
-2929
-179
-857
229
-3227
-2664
3309
-1483
-3177
1226
-820
346
-1072
-5370
7826
2213
-1388
-289
1526
-284
59
791
4193
-1556
5911
1876
535
3247
1720
6842
532
2609
218
497
-1516
4078
-3903
-814
-148
924
556
-350
1447
-2789
1325
2763
2053
-4392
1489
-4052
1139
-2503
4176
1860
-3449
2275
-4323
-2780
1144
-1555
1633
-2853
971
-3316
-3677
959
-3335
3248
-488
1184
-2844
968
3541
2570
-130
6881
1533
-2333
-2361
-1238
3410
2140
-137
-2518
1357
-794
602
4406
2633
687
2555
-653
1551
-2594
4973
-635
-4611
2220
-1535
-4550
3700
-3159
671
-6312
-2456
-483
-440
-6139
-945
520
611
1659
2375
-3747
-1315
5
3212
-4987
3817
232
-614
-1601
3741
-5238
2392
-2419
-181
3736
-890
-1068
5385
621
-1866
-178
19
761
-2820
4320
-3196
3989
112
-862
857
388
-604
2103
-1294
648
-1245
3205
-2393
917
1582
-2223
1271
-43
82
2809
-1214
2349
-447
-1612
-3012
-1545
4391
3006
3435
1359
-1808
-3659
-21
-804
2978
-3602
1993
505
-1366
1614
183
1558
-223
-2760
412
1408
-2544
2815
-1050
-585
5102
-1178
3463
-3631
-950
3386
2130
1570
-1276
1948
3077
-1621
-1906
449
6040
-439
-3364
4308
3881
-2268
-384
-5054
1422
-1215
-2466
757
-1563
-2256
-78
5320
-1360
2249
2621
-2636
-4275
-1703
-2935
1285
646
2346
-3553
1199
-3942
1113
-408
-1145
-4445
-512
-3086
1653
295
-3096
2974
2517
262
3150
-3034
3161
-4371
3079
-63
2738
-970
6572
-1286
-1649
2148
2014
403
3040
3920
-5193
3340
-79
689
276
3473
1493
3139
918
-597
-2913
-634
-111
4113
339
-2327
996
-1884
3844
4650
-3706
-1384
-1472
1086
-3147
3153
2093
-3449
90
2662
-594
9085
2361
1673
1533
-3179
2136
-3584
975
-1271
1243
-2197
-2542
-165
1535
3593
1779
-3250
-3365
3064
3688
4417
-4106
-1177
2496
1894
-1327
-561
638
1993
281
-78
-3849
1240
2318
1796
1384
-3507
4940
-1432
-1322
-1624
3657
1345
4443
4283
-312
-2119
4956
-430
3484
4980
-3327
-1013
-791
532
2124
-1655
3086
-3739
2500
2311
3973
-791
3402
-1934
-121
287
2004
1917
3720
-908
2781
-1886
3083
205
4596
800
257
-2530
509
2651
2993
4506
2881
-1881
-1399
-2755
1250
6386
2523
3192
5172
-1410
4048
-2868
1894
1491
2101
1020
-4491
1256
-517
61
2489
2817
-6083
-2456
1464
2359
-793
2449
-97
4008
-2113
-4410
2002
33
772
874
904
6289
288
1619
5547
320
6444
-1106
-980
4504
3339
871
-738
2584
-808
627
3563
-5445
-1096
-2497
-2889
2782
-548
5218
-3002
1799
-234
-438
-1150
2243
1632
1922
-717
-1778
455
813
-2585
4082
441
-2266
962
-2114
-2705
1698
704
-3582
1409
992
701
3456
-784
3528
336
-4529
-2706
444
127
-5532
-5668
-329
-4148
2873
2399
-630
-675
618
4372
2150
-3510
-3408
1401
-795
-1945
-669
-1890
1281
115
393
3944
-3597
1659
-2596
368
-2929
2488
1389
-2160
3401
2765
-720
-1124
-643
-873
1465
1118
1621
-4650
4824
-2278
-180
-5005
-1938
-3563
-2382
1162
-2314
1028
-1166
2843
2313
3186
2736
-565
2582
-411
685
1052
1195
-2375
-5791
4154
4323
1275
3132
-2049
-3040
7871
-6656
-2735
-2910
2201
603
4582
-4558
508
3172
-3161
565
575
-1363
-1662
759
3717
-1809
-2240
278
-1224
631
2837
1771
701
2470
-2269
-1589
90
-3635
-2984
-1918
986
2097
2605
-1598
-3773
-1075
2548
124
2890
1259
-861
-2288
3958
3732
3079
-186
230
-1021
140
-2205
-6
474
6182
1893
-1876
-2209
3958
319
526
2177
3688
-3191
1149
2680
-1126
-3273
-761
-473
3651
-493
1249
1437
42
1295
614
-1289
2453
-257
2923
2563
-962
-5311
386
-1015
-2379
-586
2884
249
902
3895
-3204
375
-2605
1845
54
2158
2661
-3383
1274
-1526
704
-199
-9
-1872
458
-6181
54
-3144
-3824
2593
1504
726
370
-3335
-1847
2564
-3678
420
875
2565
2042
135
3360
1148
-601
1296
1815
3694
1531
3326
-1895
3835
-2896
1479
-3646
4372
-1803
-1902
-4805
-1345
4809
-3104
1268
1533
-5651
1112
45
2827
1222
-2243
-1111
3668
-130
1433
-2
-2737
886
24
-1612
-24
-2876
2335
1214
2386
-1146
5223
1912
-1998
-1319
-1074
-1320
4243
-3802
-2072
-641
3836
-2110
1650
-18
-4289
5019
-122
1874
-2821
-1296
-1829
677
-1318
794
4119
3995
4138
-481
1608
3686
3069
2037
3077
-2011
202
-89
-467
-3394
1191
-2166
4891
1692
-966
-3879
-2470
1673
50
2553
2588
-1313
-4434
1640
-2458
-1373
2524
702
-3545
691
-1577
-291
-928
-870
3395
1105
1914
-622
747
-4159
3684
1989
2509
-1189
-4085
-1758
-1505
-3605
-3427
945
-809
-121
-663
-1147
3133
-125
5480
-1456
-1318
-4886
-754
-2090
216
-1262
-4290
-1449
2334
3277
-4313
4890
-1675
-275
-874
3274
1906
1461
-559
579
4299
-3869
-1709
-1802
223
-3835
-699
3589
970
2263
-1179
2330
-1748
3327
-599
101
-37
151
805
-1888
-477
1858
1448
5090
3662
-527
4367
847
-6628
-1154
-2228
-719
-988
1036
3463
2701
3053
6863
3443
-323
883
-2999
-1793
4151
-1397
-5208
661
-990
1316
-1773
3701
-1516
46
-403
-751
-2862
-300
-3731
9294
1430
-102
-3644
4335
-91
2386
-543
1537
1802
955
-3274
4817
2278
2470
-1553
-5632
-534
729
703
-558
2832
-3205
582
-5451
-6043
-1043
-1414
-1223
-1875
-683
-1848
897
1921
1124
-2844
593
2267
-1023
-1524
-1536
-1083
1148
1822
1035
-4242
-4378
614
2635
417
850
-3566
3870
720
-653
-89
-778
-2127
3223
-1207
2148
-1129
3495
3027
-3180
2060
-4210
3072
-864
1835
388
953
-2555
-3716
-434
-2682
55
2021
3600
4068
-3070
1937
-283
3728
1999
-823
-3147
3321
187
-1520
589
-2137
2123
-3729
-3386
855
-741
2232
136
3882
-766
755
-1500
399
1315
-2928
4240
5007
-634
1257
3924
2729
-689
864
-2164
-169
-1025
3285
1022
-1047
-2145
5833
4028
-1648
-2175
-281
-1307
-4451
811
-1788
-1129
1128
-2903
-1947
4743
-1649
-6312
-3223
-1857
-667
295
-6437
3099
-320
-5312
4016
-426
-711
-1239
-1910
2901
3691
92
-1660
-696
-1001
945
1777
-1945
-2351
3797
6176
-284
2379
4336
781
-2094
1970
-1499
-2555
-5589
1205
86
-89
-1765
1934
-182
-628
-2072
2977
-771
-865
2700
-2682
-4463
4106
-866
-438
-4308
-3673
3269
-165
-3718
-1123
2168
802
1373
-1149
-477
-76
-650
5449
-3079
1991
-5189
-4470
641
3001
1061
-5944
1490
1914
-3839
-3520
5922
3290
-90
-1181
2207
-4659
-259
-556
-1360
80
-392
-4316
1691
2923
4508
-5930
-4237
-2987
3763
3027
-5654
4770
3605
-681
3028
1890
2855
-3395
1245
608
-4144
-229
4071
-5472
423
3281
3377
378
-2804
1211
-7842
-1111
-2333
-1052
1228
2224
2659
-2509
-3698
7494
425
3853
126
264
119
2891
-2230
1782
135
-1910
-4246
3371
-2473
2656
-1312
-501
-1134
-2803
1556
-38
464
-4010
-517
-156
-4383
-1410
-8118
-27
-4776
262
3641
-2712
-3066
1064
-1228
533
-1855
1954
283
3375
-5814
468
2871
6120
1662
254
-2961
-1213
2053
1227
-209
-1888
401
-2597
-623
1890
-6664
5221
-4060
-1436
797
1767
81
-877
-1372
-2195
-1226
1331
-5356
-755
-368
-3619
-1
-1442
-528
1869
3142
-1147
-1497
3055
-1029
1728
-2823
1981
3288
2232
-335
1827
1971
-289
112
-1339
-2915
-242
1713
-5061
-114
633
1796
2208
-4981
242
-3857
-6144
-2093
-3268
3245
556
-1318
4124
2389
5082
2149
689
-920
-4401
982
1037
2127
2801
1216
-324
1375
-277
-2334
475
-638
1124
1397
-3406
4438
-579
1504
-916
-513
-2834
1252
549
3171
820
-3117
6126
4803
511
-1164
15
-479
1137
-6424
-2856
3599
4518
-2717
-1464
1602
581
-7048
-169
2970
459
7685
-2019
272
1912
2164
-4943
902
-2
5722
57
3277
1094
2920
4572
-1329
-2702
1261
-1792
2421
-1026
1488
1380
1938
1613
-5130
-3728
474
4632
689
2940
2620
518
977
-66
4757
2970
-2235
181
-370
-4840
-564
-4207
235
1921
1152
-490
-690
-1932
5517
-511
-1885
-381
3831
1982
-4357
1862
-1720
-2648
-1161
-336
1851
1725
61
723
-2738
-2390
1355
-2023
-1185
2302
-286
-2364
-439
-2064
2507
4776
-2538
-3012
3680
-3058
1072
1107
-473
1866
597
-1747
718
755
1545
-3018
-2387
-4376
443
4953
1968
-577
394
3603
-1973
-10
-1872
-3029
1710
-1322
-1182
-1270
-2617
-1301
-3493
332
631
2960
-5260
-5619
3089
7644
3275
87
618
-380
80
897
-1289
629
2401
3091
-2447
-1301
5925
1409
-1734
6926
-2228
1115
765
-169
-4216
-144
4682
-1316
-2819
-1752
1867
621
3546
-3441
-1854
-2189
-4848
882
24
995
-872
3454
604
-4028
1314
1070
3967
-1298
-1331
2083
-3629
-5668
-328
407
-1355
210
4825
-4356
-1434
-736
-2147
-2115
-822
-1562
821
-1112
555
3073
-3211
791
1324
-4113
4115
2915
579
-583
-3297
-1871
1003
-2976
1073
-2766
-1525
3432
-823
-2826
1552
-364
2891
-570
-1685
2800
-999
421
-2340
-2129
-3273
34
-3709
1992
-3150
-1840
-2617
-2137
-4415
-5067
-3941
1094
880
-1501
656
-208
-3481
2473
5738
3507
-1865
-609
732
-3369
-402
1613
-266
468
-1932
-770
1425
-1726
-2142
-1931
-5529
-616
1785
65
-785
-2606
-3321
532
-2820
-2770
-195
1751
673
-2436
-5621
367
-1351
892
5110
144
446
791
-2093
-4488
-297
-2604
1475
588
3643
-2488
-3506
2776
2997
4841
986
3018
1273
2756
-1847
824
-2610
351
-1532
-2103
416
288
-2935
-2042
-1579
4951
1609
-4380
-4501
-1623
-3444
1794
-5323
-3038
-5598
-1343
649
2755
122
-751
348
-2330
3468
-1956
-3872
4008
-1855
1282
-4232
1162
-711
-714
2080
-3004
-613
2829
-4111
1988
-1405
-653
-2281
3490
-594
6398
3545
1129
-2001
-891
-1243
788
1538
1476
5501
-3313
-8
-4380
1306
-1721
-2274
163
-758
3849
1197
-3232
3903
-1210
4572
1816
-1717
3166
-123
1033
-234
715
1991
-861
-8110
637
2476
1908
1355
4332
2441
-579
3211
-1685
465
1340
-888
-3016
3367
-2749
480
-2586
-2408
-6299
-2204
3236
-454
-1659
325
-257
-1802
-4025
2238
4915
-2
599
3646
1778
4127
4791
2177
3239
1302
912
-151
568
2595
-1985
-612
-2535
3777
4104
4118
4045
-202
-828
-2462
3868
-5820
2569
-896
-1364
731
3103
-183
-2447
-3121
2869
-947
-1693
-1804
3520
4610
-3477
-3464
-3672
-196
2741
823
467
-37
-511
-581
-929
471
-4206
-343
-726
-619
4335
-2615
2912
3417
3721
2475
3351
4995
1152
-4683
2909
-851
946
-5320
1030
75
-27
-454
26
-1012
-1154
-1128
1987
987
3070
-2855
1667
-278
-3634
-624
-176
-3516
1453
865
44
367
326
-2674
2337
789
877
3227
1411
2490
2438
2616
235
1202
738
1870
2793
-2072
1260
3978
1229
147
-4938
3076
-2372
1085
-3801
240
-3223
1788
1508
2520
-1166
-2320
1201
-2762
-2950
3707
-975
-270
1816
-1853
-5223
288
2352
-4535
-1986
-588
-1706
-3856
6563
3138
-245
-1254
-2215
-1948
226
-1451
171
-3200
5235
3324
518
1440
4260
2909
-891
1905
-2265
1938
2774
-45
-520
88
1438
489
2
4300
-175
2585
-3149
2780
1006
3144
-1475
-4985
1137
-5521
1823
-325
528
-3123
-5423
-609
291
3070
4571
-3711
-2194
2426
-796
1308
-76
-29
3376
483
-5027
4957
150
399
-2389
727
-2212
2436
-3281
-848
-1495
-288
5277
497
2902
3426
-637
5607
-1464
-3345
-801
5590
-2376
375
-3463
-3637
-373
1166
-3816
255
4238
-1095
4098
-3278
-3657
3719
-1704
682
-2798
-1049
-115
1584
2245
-3525
4683
-678
1868
2057
-1349
508
4148
4341
-5100
1027
344
2918
-2499
1029
-4091
-816
7168
-5536
-218
-2401
1792
1375
1943
-2259
900
-3362
-863
-1071
-1640
-3731
-570
-622
2922
2158
-931
-3500
5139
-2121
1539
16
-173
-628
-455
2309
91
5048
1179
6880
3248
-1009
-1726
129
3117
-1595
-5113
1698
-1023
3223
2756
-937
-541
1852
-783
2494
1116
-1548
-713
-738
-2796
-1560
-7423
3463
401
-1345
954
978
2814
1531
-4553
-1616
-4086
168
-1505
5889
5385
-817
2846
-6323
106
-3916
250
712
5697
3413
2896
-3750
-1346
-2030
-2104
3928
-1493
-569
459
-955
326
3709
-1779
-1531
-1714
-966
3137
-2112
172
2500
-3792
-3289
-516
4694
4778
-1604
-6987
1735
-1572
2581
4203
2066
5382
5853
7066
1751
2419
1721
2464
2826
-1954
-299
-3217
1521
-893
-681
-374
1374
-773
977
-2523
1623
-2735
1553
1883
-2675
-1371
-3375
-3912
1172
-3847
-2596
29
-2740
2775
3330
3403
767
-2696
-819
-1871
736
4510
2573
-806
-1526
3110
-608
769
1523
-2052
-1858
838
1669
-200
-1483
-104
3685
1538
1337
4007
1761
-262
-1650
-863
310
-3799
-3910
552
-3022
696
-2025
-3212
-3366
-179
2466
673
1805
3437
5699
841
2477
535
7156
2670
3191
691
1877
4246
373
-436
-2011
-3711
-1390
-1548
-804
1953
995
1596
53
2622
-5083
1786
-4678
-33
-3123
-970
-3863
7656
-638
4382
-1183
-47
-254
403
2529
4834
-2383
-1834
-5075
